58
72 40
51 39 08
25 52 05 33
09 50 86 85 80
60 94 65 56 24 67
89 80 79 37 91 66 72
29 27 50 75 80 17 74 43
83 13 94 86 61 80 16 77 57
20 45 70 57 01 78 61 38 30 08
55 33 34 52 77 30 80 17 89 92 14
77 52 03 20 83 92 31 12 96 10 36 50
44 02 80 78 04 17 77 85 12 29 62 98 94
38 86 95 27 02 37 41 16 81 86 57 06 21 56
05 16 50 16 06 92 08 06 74 96 94 77 86 07 52
66 65 58 59 87 98 93 64 54 76 54 33 26 52 77 27
75 39 40 03 86 15 08 41 74 68 22 96 29 59 09 78 86
11 09 43 25 20 35 31 83 97 59 12 11 35 15 62 30 90 34
69 38 05 04 54 26 37 47 27 21 33 34 61 61 14 13 93 88 85
65 55 67 83 95 20 33 33 33 80 61 39 64 53 61 04 97 02 01 59
37 88 45 36 98 53 33 52 35 13 69 25 01 89 44 12 30 60 82 72 46
35 09 62 95 59 48 40 04 36 41 13 57 83 92 95 16 08 42 04 42 05 58
65 56 86 56 60 27 36 50 83 72 78 14 38 94 87 86 42 38 10 85 76 73 17
53 41 04 78 29 48 98 72 45 36 49 01 44 08 53 51 26 94 26 64 18 44 25 44
70 38 16 77 75 28 51 89 17 98 77 18 34 61 70 18 22 64 92 84 48 32 74 08 01
32 23 46 60 59 54 31 87 56 54 90 53 45 56 06 76 97 51 79 98 23 24 45 77 78 04
91 08 12 54 09 66 25 77 75 81 62 48 50 30 23 67 04 56 06 53 68 20 66 42 16 62 11
23 58 05 07 97 73 65 25 60 59 12 02 08 08 23 29 70 07 87 69 71 69 28 89 10 81 40 33
65 81 66 03 35 59 91 76 90 84 61 48 58 60 29 89 28 93 25 40 88 03 52 21 82 40 08 73 89
47 27 25 36 27 51 76 25 50 31 17 97 78 35 61 12 16 07 18 53 88 28 72 67 41 13 07 15 69 36
36 59 68 69 71 70 08 58 12 59 37 12 56 35 08 29 42 88 29 38 14 01 43 72 04 72 25 62 55 85 11
54 54 84 49 61 98 83 76 27 84 02 20 26 21 18 25 81 68 53 03 12 06 84 13 00 14 69 58 88 94 09 18
03 08 30 91 90 37 91 85 97 74 20 04 63 41 61 83 35 19 72 41 20 22 21 50 50 78 24 44 84 52 02 42 21
74 62 01 48 13 11 88 13 59 77 91 15 43 81 37 29 71 10 45 51 89 26 07 64 77 02 84 40 56 78 38 51 32 47
77 26 55 55 38 12 18 42 85 71 57 94 38 06 03 33 20 97 38 14 38 83 88 68 83 45 36 56 58 34 58 49 25 14 92
41 88 35 26 77 90 23 10 16 40 04 93 06 68 50 95 02 95 46 89 89 44 90 19 49 55 09 31 35 48 03 52 84 91 24 64
51 08 60 29 60 96 65 20 95 91 97 89 05 33 95 59 31 68 67 32 74 83 17 30 70 49 83 62 02 02 18 10 27 41 74 44 44
60 30 60 67 95 33 48 38 04 70 75 58 61 66 05 46 95 98 33 20 31 46 51 06 70 59 41 71 93 55 81 82 83 39 93 86 81 45
00 19 59 13 16 37 25 77 65 80 44 94 17 50 97 80 47 15 52 87 36 51 68 94 71 92 21 33 97 19 53 26 72 60 55 62 59 33 62
92 41 93 82 46 60 26 50 78 78 44 00 43 72 30 69 82 41 87 24 52 50 29 14 64 93 79 43 60 83 11 76 01 61 01 64 93 41 13 93
31 72 08 66 67 28 73 97 09 18 84 47 37 30 84 66 52 92 92 76 46 66 38 71 93 52 17 42 76 39 77 31 28 58 23 05 01 82 49 59 65
31 00 43 29 15 50 14 80 97 14 09 61 85 78 49 61 44 59 69 37 30 84 64 60 63 05 68 83 13 21 55 42 08 47 65 68 82 90 59 39 35 60
91 47 21 98 14 94 63 42 00 15 93 01 98 18 16 68 10 57 96 55 88 30 76 44 66 95 11 72 07 19 35 46 80 43 49 63 67 84 39 80 84 51 08
90 34 91 44 31 83 61 14 18 63 20 65 05 00 51 79 61 58 11 24 87 27 90 49 39 15 21 98 91 78 86 50 20 76 73 76 06 41 37 41 73 82 01 04
45 18 76 65 23 17 04 31 01 83 30 98 91 57 95 71 90 35 61 98 54 28 52 41 11 36 25 57 88 49 65 18 81 74 11 47 23 86 90 84 01 06 02 75 85
98 97 83 92 06 16 32 60 91 19 65 59 23 65 39 29 66 04 36 28 23 95 02 26 69 61 12 03 44 46 58 87 42 19 65 14 45 91 29 03 70 65 77 69 52 98
66 59 37 05 87 03 16 71 09 98 70 06 41 24 53 04 25 63 90 49 44 70 05 29 66 47 68 81 07 55 79 66 17 45 65 62 00 19 07 79 46 06 90 15 02 78 86
17 53 77 48 79 47 76 39 67 22 59 87 57 79 32 56 10 68 54 52 63 01 93 48 59 91 15 34 80 20 81 95 24 23 95 17 01 04 48 02 49 76 05 31 83 26 17 37
67 00 49 03 02 20 41 93 52 23 88 04 91 25 51 35 67 10 84 00 03 41 01 44 14 05 49 03 52 72 24 73 80 87 97 20 66 83 78 96 98 19 94 03 39 45 01 57 86
93 09 01 77 87 51 20 02 87 59 05 52 48 70 19 90 11 64 06 48 20 21 10 40 57 98 35 15 08 47 16 23 51 35 22 14 71 15 83 55 01 98 42 75 80 70 28 38 48 16
63 38 58 83 85 15 16 65 02 08 42 05 63 17 62 28 67 05 22 06 86 13 25 34 16 11 97 40 52 63 77 17 97 26 27 83 79 66 74 61 09 10 75 89 53 09 04 53 40 38 65
42 82 17 36 31 30 51 28 94 46 07 75 34 10 03 52 34 42 33 09 51 56 11 35 19 38 39 54 77 43 06 30 37 25 07 14 55 87 85 00 51 61 09 23 31 04 59 64 52 27 56 98
02 49 02 51 06 72 48 91 65 79 00 45 07 66 24 35 72 92 06 41 24 52 12 95 75 82 86 89 53 88 77 21 77 90 72 50 68 08 78 93 82 52 08 39 68 61 09 78 48 46 02 80 29
70 53 72 32 50 75 58 53 78 36 55 44 83 16 61 20 97 68 40 94 64 23 38 36 61 02 23 47 53 63 45 81 70 77 32 66 08 15 95 67 51 73 78 67 31 20 12 77 95 59 08 68 19 35
72 25 20 43 45 37 16 82 64 97 06 22 51 45 60 96 32 12 59 30 69 14 35 76 30 57 55 92 74 67 20 35 68 52 89 74 24 81 38 49 64 93 28 29 10 32 10 12 95 01 55 46 06 48 01
75 45 72 29 09 19 59 69 13 55 33 25 36 38 47 23 54 75 83 90 38 85 94 60 49 13 52 92 63 66 36 30 09 83 41 69 47 19 09 71 59 60 83 78 68 64 98 72 88 24 84 47 91 55 96 15
02 13 79 26 21 29 43 26 66 74 78 31 50 53 80 28 64 13 18 03 12 81 03 90 42 39 11 51 28 98 06 75 59 24 00 06 60 70 36 91 39 46 98 65 56 00 42 43 21 39 52 52 08 68 25 80 06
48 79 55 89 92 86 46 12 74 27 86 22 71 78 31 17 26 19 27 09 36 58 20 17 69 03 78 95 02 30 44 70 80 05 13 17 16 04 30 49 91 78 22 46 08 38 46 90 42 53 68 46 41 94 61 45 31 84
36 17 61 84 86 27 63 04 76 50 46 25 29 64 04 69 64 74 58 79 41 51 24 19 43 09 91 16 70 94 51 13 76 12 23 54 10 64 25 90 00 29 62 14 48 47 40 16 66 46 02 67 19 89 97 31 03 39 67
89 50 57 59 05 54 22 67 04 18 75 93 81 35 95 42 37 89 86 27 32 82 04 16 69 82 95 92 05 03 77 46 79 05 22 83 74 22 86 71 98 13 49 97 91 37 89 63 60 57 75 93 35 65 86 79 50 34 60 37
56 94 63 05 52 35 81 50 39 32 46 13 06 97 77 64 38 57 52 05 49 52 03 68 39 67 35 68 74 77 74 59 02 31 38 23 73 46 25 89 12 39 43 70 89 75 50 23 35 49 24 44 69 79 60 79 60 42 89 63 10
17 28 85 55 67 41 78 09 41 43 29 11 95 17 22 17 51 58 01 98 66 45 59 85 42 37 54 16 43 92 41 20 54 13 46 33 54 15 48 23 22 28 95 50 54 09 45 52 26 91 26 45 62 56 29 64 42 26 20 19 23 82
80 71 92 18 68 51 47 00 12 82 91 68 19 47 68 58 19 61 04 41 27 88 89 98 31 71 83 16 07 86 35 02 59 30 35 35 80 25 96 35 47 53 55 55 26 15 90 07 22 10 86 98 32 46 01 13 43 72 69 98 42 34 32
89 55 60 85 55 11 69 58 62 31 00 14 80 46 70 75 94 31 64 79 53 69 33 50 39 44 32 03 63 54 77 67 87 46 30 46 67 86 02 83 22 43 88 71 34 07 30 75 62 25 89 84 95 66 64 90 18 13 16 85 03 70 31 94
36 12 03 21 63 36 36 27 55 61 85 32 06 36 09 43 51 81 51 05 18 51 56 74 89 25 90 23 05 20 13 66 75 29 45 13 34 88 88 40 02 63 55 96 86 62 21 33 02 78 16 44 10 52 24 55 95 60 22 17 62 30 36 36 46
76 22 25 69 71 75 76 03 27 63 70 68 13 84 95 53 94 47 05 61 98 82 85 76 96 74 70 65 29 18 56 89 32 00 59 60 13 11 89 98 31 76 55 40 17 13 86 48 09 13 89 63 17 49 20 73 13 15 87 04 44 72 81 46 73 43
21 96 40 12 33 30 53 60 55 93 02 23 58 26 97 76 03 08 36 39 11 25 86 08 70 69 06 17 63 56 79 20 11 70 82 93 59 38 72 78 72 18 96 31 63 28 40 06 47 83 84 66 11 73 94 19 23 51 40 66 55 60 28 92 34 71 68
71 22 62 65 00 10 06 29 51 55 94 15 64 25 82 89 49 73 59 17 15 47 42 76 36 10 98 97 29 93 90 25 61 72 44 11 86 72 46 26 00 87 65 98 20 40 94 79 01 52 22 31 60 47 31 42 42 82 13 65 94 90 18 80 79 66 24 87
07 61 31 17 91 13 82 70 36 95 10 82 38 98 04 15 22 26 09 66 01 24 43 10 54 30 45 63 40 55 43 73 25 80 50 30 44 84 86 08 80 94 21 27 75 68 45 47 63 86 66 75 26 88 30 10 73 15 61 02 59 93 41 46 08 33 93 92 71
55 17 89 17 41 16 41 31 13 85 05 52 32 94 98 34 28 14 43 19 48 58 24 53 33 58 83 20 22 53 34 89 77 15 92 12 36 87 53 18 85 66 67 54 65 83 64 41 97 36 86 55 32 27 57 37 27 37 65 26 51 20 80 14 07 21 96 31 84 26
90 52 39 27 12 33 90 24 00 62 49 36 21 48 70 57 31 27 29 17 67 93 22 82 62 61 93 75 79 40 89 21 81 51 28 11 17 55 09 07 34 13 36 56 22 64 66 39 71 38 92 38 69 88 39 33 06 45 93 21 19 04 52 63 55 29 04 55 60 87 26
22 94 10 11 36 68 67 23 65 09 86 69 42 49 74 06 61 40 82 57 94 92 88 78 44 38 01 21 04 21 94 42 61 10 67 28 16 39 25 43 24 70 86 15 69 84 18 24 58 93 89 40 40 79 60 69 54 59 83 32 94 75 41 62 14 08 02 39 37 11 02 31
08 83 55 79 60 54 84 96 15 93 81 93 97 56 83 29 83 47 92 89 70 04 94 89 72 16 29 97 39 63 64 88 06 78 08 18 55 35 41 29 22 68 72 71 06 04 26 60 23 30 42 47 70 83 20 27 25 64 64 58 64 73 76 19 09 80 60 83 94 07 51 22 69
46 80 27 08 97 50 66 63 34 50 58 35 91 81 76 64 79 23 71 52 21 06 26 09 20 27 29 21 47 81 79 47 55 19 13 42 17 24 49 94 89 30 76 07 08 47 43 79 89 21 92 44 81 16 12 95 24 25 07 72 33 98 05 48 23 05 82 50 39 13 14 09 24 00
53 24 09 80 29 63 23 73 74 79 35 74 81 59 21 68 71 90 44 66 02 61 78 53 88 73 43 82 63 95 65 72 43 29 73 49 36 04 08 96 69 00 59 45 36 90 38 74 74 17 57 51 71 77 50 80 85 51 07 96 00 45 42 65 97 61 80 17 69 92 72 07 31 45 33
95 79 81 06 58 70 91 52 18 19 87 65 02 25 25 09 23 26 49 81 93 72 62 07 50 32 21 44 18 12 57 32 89 14 21 49 35 12 54 05 34 46 81 51 32 60 35 26 27 45 97 13 72 19 72 31 15 25 79 52 46 65 75 37 93 44 01 00 21 51 46 95 63 57 51 38
87 45 22 38 73 62 80 63 19 89 32 32 75 54 57 25 09 45 41 25 73 73 11 82 31 42 08 01 72 54 85 53 84 33 27 22 28 78 90 61 46 40 81 86 98 21 47 89 19 04 95 74 94 03 42 27 80 38 80 00 27 41 77 24 38 76 89 56 57 97 16 35 72 21 62 73 50
28 38 73 93 94 77 63 23 37 85 62 86 92 05 69 91 21 15 79 63 28 51 19 26 22 49 13 12 86 14 71 95 80 21 07 48 71 29 69 23 78 30 15 63 58 20 88 33 95 90 47 75 42 52 87 00 56 79 22 80 89 78 57 00 79 86 16 98 85 89 71 62 31 68 13 27 87 68
36 16 70 94 55 92 70 34 42 44 03 97 91 93 83 95 10 29 30 26 30 59 91 02 47 04 97 90 85 93 34 89 89 07 47 18 32 27 67 36 58 25 64 95 49 67 21 06 08 48 33 30 76 48 42 05 74 16 80 86 60 78 51 25 26 71 28 49 06 97 85 00 16 09 45 63 23 17 55
50 29 24 93 87 84 78 90 39 32 62 83 48 66 97 91 14 25 74 18 81 04 17 77 64 92 60 47 90 42 58 40 69 50 21 14 91 80 66 90 45 97 10 10 64 30 65 09 97 64 82 20 04 55 04 97 72 66 45 73 68 33 07 29 04 51 06 97 31 94 29 93 64 49 23 62 27 80 98 56
18 22 60 35 08 88 70 97 64 16 29 28 88 25 78 73 93 10 43 47 96 53 80 54 38 65 68 44 27 46 12 85 14 75 73 69 83 31 35 32 78 19 77 13 40 46 88 27 80 04 98 65 80 85 37 25 05 24 12 59 53 54 22 52 26 04 88 24 22 10 12 53 58 53 55 33 15 23 52 43 05
12 39 56 71 20 14 59 07 03 18 10 97 33 44 08 96 85 70 02 14 55 18 14 43 96 30 89 03 86 86 75 07 11 29 23 61 83 27 11 84 81 52 98 51 12 93 05 64 96 85 08 49 93 67 68 73 29 66 86 93 62 06 77 26 79 35 68 40 05 91 31 77 36 81 29 04 17 86 98 71 18 98
43 19 54 76 68 90 26 30 27 80 79 26 01 06 96 22 94 97 11 24 74 28 46 70 06 46 77 38 40 58 26 75 12 14 65 60 67 34 68 85 15 52 66 62 98 84 40 55 07 27 32 39 93 75 89 84 30 69 23 64 83 64 98 81 18 24 53 36 20 45 32 01 51 98 50 32 25 03 86 01 07 17 95
53 41 60 44 90 05 63 78 79 81 31 15 82 62 41 48 18 77 64 96 39 41 13 60 48 33 03 17 24 97 58 29 81 71 25 87 53 35 20 74 02 87 98 52 45 50 54 77 21 93 33 39 67 86 83 24 29 75 24 07 91 83 41 60 39 37 08 98 39 22 28 38 45 54 09 89 34 83 55 69 62 22 90 38
51 91 02 70 88 06 08 36 67 65 57 19 43 91 50 55 12 70 78 98 25 36 01 05 15 66 35 51 57 15 78 72 55 59 58 26 43 76 93 81 19 49 97 32 08 86 93 36 39 82 63 82 57 84 16 75 52 01 82 51 21 26 38 19 47 91 44 20 08 41 23 22 11 36 51 27 49 77 78 19 85 61 72 19 58
53 95 79 14 90 89 98 69 09 08 57 89 92 49 80 98 53 37 35 09 29 10 34 83 15 44 81 17 10 96 35 42 95 78 96 64 39 47 22 18 16 30 63 51 64 64 36 31 64 75 98 78 33 64 78 26 54 32 02 00 32 26 60 27 65 07 03 69 48 45 47 82 00 44 18 95 12 80 13 20 30 78 92 84 49 04
91 91 47 83 58 97 30 52 22 26 14 21 78 94 23 75 04 78 15 92 96 88 37 88 41 82 01 87 93 94 81 20 00 96 47 38 30 77 08 64 49 55 96 60 00 06 64 26 20 22 13 14 79 96 43 77 48 34 32 44 80 73 33 04 30 56 08 37 93 06 68 53 68 31 64 67 45 67 77 89 23 27 48 50 44 85 34
40 62 88 75 86 30 85 08 45 13 86 81 21 28 46 15 12 09 69 71 81 94 47 63 57 42 12 74 41 68 20 11 66 12 63 84 57 22 97 08 36 75 04 21 30 11 65 49 28 98 85 71 44 24 09 27 18 05 89 42 28 30 66 78 45 24 73 13 96 34 75 36 64 45 22 81 05 21 29 75 92 65 93 16 95 12 19 71
62 39 77 07 51 08 89 40 69 27 35 13 45 43 84 95 23 51 57 14 86 36 04 97 98 38 12 60 75 37 43 98 82 73 89 21 52 79 55 97 29 50 62 38 43 29 90 90 03 21 26 72 16 34 52 17 34 44 53 55 26 77 47 12 68 35 43 37 70 24 29 55 14 21 72 42 31 68 58 24 92 82 44 10 33 93 43 38 91
11 35 55 87 12 95 15 11 54 53 10 46 18 77 16 16 67 80 76 50 41 54 98 84 65 26 80 78 92 41 64 60 68 73 13 00 17 55 11 00 57 36 90 21 41 65 82 24 18 03 95 40 24 44 17 68 95 87 35 92 09 11 97 31 43 82 82 03 71 90 03 26 72 06 33 36 70 59 58 30 00 53 53 43 95 92 82 35 03 44
29 17 21 19 41 95 64 78 16 40 54 68 93 80 28 79 90 30 84 24 46 25 42 48 01 98 33 66 98 75 15 13 14 92 07 31 98 43 60 76 66 49 42 54 86 54 52 71 16 45 61 24 49 98 72 04 92 47 16 30 69 79 58 08 43 58 44 12 73 65 57 93 86 72 15 13 84 37 73 98 63 22 78 27 70 41 19 36 81 30 22
50 95 38 64 45 70 55 12 28 67 52 85 44 32 50 48 11 90 20 20 75 84 01 16 97 14 45 11 59 20 87 29 91 82 43 58 41 49 26 87 45 85 93 72 44 53 22 23 13 09 93 20 19 33 22 50 03 82 98 74 89 62 59 15 21 32 82 69 10 31 09 49 28 29 82 45 10 04 30 16 85 41 48 00 43 62 27 59 06 77 94 39
43 60 88 58 03 48 50 26 68 70 45 75 43 03 08 33 55 38 14 05 93 90 74 89 64 26 55 22 73 05 22 32 35 68 13 38 04 33 34 56 32 21 75 45 55 09 60 64 97 08 15 68 03 61 64 17 98 75 48 17 71 65 72 82 81 39 75 30 88 90 26 87 16 34 40 34 31 50 31 66 51 67 73 84 79 56 06 10 61 65 46 21 66
64 36 18 96 25 16 15 23 23 16 49 36 63 81 23 35 31 10 67 33 68 30 31 88 78 92 95 67 48 89 13 22 03 03 66 98 80 73 69 73 35 95 67 08 63 38 87 34 53 88 95 57 65 26 87 96 31 13 05 34 77 19 70 05 84 65 56 01 57 90 71 04 28 55 72 47 85 51 08 92 21 56 78 41 11 00 30 67 16 58 62 75 06 76
72 80 13 12 16 19 10 08 00 82 07 84 90 69 83 62 61 76 36 06 46 00 58 94 38 68 38 20 98 08 86 01 96 15 91 35 73 70 89 65 32 72 72 74 51 90 10 11 25 52 04 25 25 47 60 49 89 64 00 86 41 46 73 34 21 72 23 25 55 69 51 04 47 40 30 17 82 26 20 38 79 84 25 07 43 01 70 06 62 21 04 51 18 07 19
16 24 20 10 71 92 32 48 63 22 52 81 02 12 90 64 84 01 39 04 41 30 76 41 04 35 05 53 03 57 06 75 86 82 24 56 65 11 73 32 84 36 73 31 19 68 02 96 90 67 81 43 18 13 88 27 84 84 79 52 33 86 57 97 87 77 47 64 97 39 10 56 09 66 69 80 59 78 73 71 96 58 78 46 29 19 53 79 88 90 13 04 32 35 78 38
59 84 58 38 59 06 56 75 76 91 05 34 14 71 22 40 44 51 94 17 63 78 85 52 55 30 68 10 90 30 83 49 43 81 21 80 40 39 29 41 29 90 47 93 73 75 63 57 73 24 95 56 13 18 02 98 27 82 14 74 98 00 88 84 78 49 02 94 31 66 43 07 06 40 61 63 28 19 13 75 25 54 47 70 68 65 18 71 43 24 13 00 47 73 11 97 06
63 65 83 23 17 15 26 47 19 13 46 68 29 85 47 39 22 15 60 20 50 49 25 46 34 32 90 27 77 63 42 67 03 78 50 07 18 59 51 94 05 67 45 85 34 96 26 57 03 64 29 57 98 11 11 74 90 38 49 30 41 63 69 03 45 06 97 72 97 92 36 88 76 90 63 70 63 64 65 20 77 61 80 73 41 19 82 69 72 94 77 44 91 26 33 52 70 14
29 10 84 30 33 70 12 47 04 13 43 02 18 66 22 72 18 56 05 89 93 71 56 68 80 61 58 67 87 56 54 68 48 12 06 86 96 79 88 04 70 04 04 25 37 39 15 61 44 98 17 37 97 23 20 25 61 73 68 03 84 56 76 34 57 66 90 78 78 56 85 27 65 33 71 50 75 77 35 94 62 89 07 77 46 62 44 30 21 69 51 47 78 93 14 76 60 66 67
22 32 43 80 79 91 92 74 93 87 22 60 38 75 21 02 27 93 31 05 48 64 40 33 17 22 07 46 61 59 02 62 32 12 79 51 30 53 72 42 69 25 15 68 56 86 82 30 02 92 69 80 46 94 76 43 28 67 38 50 55 58 62 06 24 69 06 76 42 52 63 02 93 41 94 38 17 00 65 20 15 96 19 49 89 15 69 09 94 68 28 05 24 60 40 25 14 58 62 34
